{
  "advancedEditorSelectedIdentifier" : "ProjectBrowser",
  "openSceneRelativePaths" : [
    "UnoCard.usda"
  ],
  "recentIdentifiers" : {
    "AF09ED6F-1707-48FD-8720-65B998362C09" : [

    ]
  },
  "sceneCameraHistory" : {
    "1FD9B265-9656-48AB-8E6B-EFBA95740DB3" : [
      {
        "date" : 786016819.267881,
        "title" : "Untitled",
        "transform" : [
          1,
          0,
          0,
          0,
          0,
          0.7071069,
          -0.70710677,
          0,
          0,
          0.70710677,
          0.7071069,
          0,
          0,
          0.73596424,
          0.7359643,
          1
        ]
      }
    ],
    "AF09ED6F-1707-48FD-8720-65B998362C09" : [
      {
        "date" : 786012269.838485,
        "title" : "Untitled",
        "transform" : [
          0.27565262,
          -4.6421924e-09,
          -0.9612573,
          0,
          -0.4306579,
          0.894026,
          -0.12349656,
          0,
          0.85938895,
          0.44801515,
          0.24644057,
          0,
          0.61141014,
          0.5466653,
          0.19429055,
          1
        ]
      },
      {
        "date" : 786012266.224549,
        "title" : "Untitled",
        "transform" : [
          0.27565262,
          -4.6421924e-09,
          -0.9612573,
          0,
          -0.4306579,
          0.894026,
          -0.12349656,
          0,
          0.85938895,
          0.44801515,
          0.24644057,
          0,
          2.3050215,
          2.4954755,
          1.1886237,
          1
        ]
      },
      {
        "date" : 786011874.771048,
        "title" : "Untitled",
        "transform" : [
          0.7953244,
          2.7255252e-05,
          -0.60618407,
          0,
          -0.38934958,
          0.7664796,
          -0.51079917,
          0,
          0.46461383,
          0.64226854,
          0.60961056,
          0,
          1.3713117,
          2.003427,
          0.9145633,
          1
        ]
      },
      {
        "date" : 786011745.50976,
        "title" : "Untitled",
        "transform" : [
          0.7953244,
          2.7255252e-05,
          -0.60618407,
          0,
          -0.38934958,
          0.7664796,
          -0.51079917,
          0,
          0.46461383,
          0.64226854,
          0.60961056,
          0,
          2.1469867,
          2.260347,
          0.7088493,
          1
        ]
      },
      {
        "date" : 786011724.286305,
        "title" : "Untitled",
        "transform" : [
          0.7953244,
          2.7255252e-05,
          -0.60618407,
          0,
          -0.38934958,
          0.7664796,
          -0.51079917,
          0,
          0.46461383,
          0.64226854,
          0.60961056,
          0,
          5.1494327,
          4.909284,
          2.395147,
          1
        ]
      },
      {
        "date" : 786011541.022246,
        "title" : "Untitled",
        "transform" : [
          0.7953244,
          2.7255252e-05,
          -0.60618407,
          0,
          -0.38934958,
          0.7664796,
          -0.51079917,
          0,
          0.46461383,
          0.64226854,
          0.60961056,
          0,
          0.52994144,
          0.5052272,
          0.24649073,
          1
        ]
      },
      {
        "date" : 786010062.18237,
        "title" : "Untitled",
        "transform" : [
          0.9636069,
          -0.014249759,
          -0.26694325,
          0,
          -0.23852183,
          0.40504923,
          -0.8826338,
          0,
          0.120702475,
          0.9141838,
          0.38690934,
          0,
          0.24661277,
          0.53123564,
          0.142109,
          1
        ]
      },
      {
        "date" : 786010055.861225,
        "title" : "Untitled",
        "transform" : [
          0.8988154,
          -6.852307e-09,
          -0.43832743,
          0,
          0.27760634,
          0.7738811,
          0.5692476,
          0,
          0.33921328,
          -0.63333094,
          0.6955762,
          0,
          0.58011055,
          -0.41957894,
          0.52402014,
          1
        ]
      },
      {
        "date" : 786010049.962593,
        "title" : "Untitled",
        "transform" : [
          0.95588374,
          -2.26953e-08,
          0.29374528,
          0,
          0.23073006,
          0.61889136,
          -0.75082433,
          0,
          -0.1817964,
          0.7854766,
          0.5915882,
          0,
          -0.11173771,
          0.3461366,
          0.1737852,
          1
        ]
      },
      {
        "date" : 786010044.901781,
        "title" : "Untitled",
        "transform" : [
          0.95588374,
          2.516501e-09,
          0.29374528,
          0,
          0.23073009,
          0.6188913,
          -0.75082433,
          0,
          -0.1817964,
          0.7854766,
          0.5915882,
          0,
          -0.1112648,
          0.3446801,
          0.17304969,
          1
        ]
      }
    ]
  },
  "sceneViewportBackgroundColors" : {

  },
  "selectedSceneRelativePath" : "UnoCard.usda"
}