{
  "advancedEditorSelectedIdentifier" : "ShaderGraphEditorPluginID",
  "openSceneRelativePaths" : [
    "Immersive.usda"
  ],
  "recentIdentifiers" : {
    "AF09ED6F-1707-48FD-8720-65B998362C09" : [

    ]
  },
  "sceneCameraHistory" : {
    "AF09ED6F-1707-48FD-8720-65B998362C09" : [
      {
        "date" : 785415175.229518,
        "title" : "Untitled",
        "transform" : [
          0.95588374,
          2.516501e-09,
          0.29374528,
          0,
          0.23073009,
          0.6188913,
          -0.75082433,
          0,
          -0.1817964,
          0.7854766,
          0.5915882,
          0,
          -0.10226228,
          0.3169535,
          0.15904811,
          1
        ]
      },
      {
        "date" : 785414194.108771,
        "title" : "Untitled",
        "transform" : [
          0.9558836,
          2.5165008e-09,
          0.29374525,
          0,
          0.23073009,
          0.6188913,
          -0.75082433,
          0,
          -0.1817964,
          0.7854766,
          0.5915882,
          0,
          -0.18258551,
          0.6640011,
          0.42042992,
          1
        ]
      },
      {
        "date" : 785414191.006613,
        "title" : "Untitled",
        "transform" : [
          0.9575903,
          -7.877958e-09,
          0.28813297,
          0,
          -0.25874388,
          0.4399922,
          0.85991776,
          0,
          -0.12677625,
          -0.8980017,
          0.42133227,
          0,
          -0.13607427,
          -0.759124,
          0.27650437,
          1
        ]
      },
      {
        "date" : 785414187.119736,
        "title" : "Untitled",
        "transform" : [
          0.96825135,
          -1.4581474e-09,
          0.24997902,
          0,
          0.114422835,
          0.88909125,
          -0.44319743,
          0,
          -0.22225417,
          0.45772982,
          0.86086386,
          0,
          -0.21678641,
          0.38694087,
          0.64806175,
          1
        ]
      },
      {
        "date" : 785414176.427295,
        "title" : "Untitled",
        "transform" : [
          0.9999951,
          -1.2144665e-09,
          -0.0031252452,
          0,
          -0.0030112772,
          0.26760077,
          -0.9635251,
          0,
          0.0008363269,
          0.9635299,
          0.26759955,
          0,
          -0.028197408,
          0.81451774,
          0.14654711,
          1
        ]
      },
      {
        "date" : 785414173.024508,
        "title" : "Untitled",
        "transform" : [
          0.99719715,
          -1.05927e-09,
          0.07481868,
          0,
          -0.06768106,
          0.42625952,
          0.9020655,
          0,
          -0.03189216,
          -0.904601,
          0.4250647,
          0,
          -0.055864364,
          -0.7647023,
          0.27966002,
          1
        ]
      },
      {
        "date" : 785414132.261226,
        "title" : "Untitled",
        "transform" : [
          0.999985,
          -0.00014898997,
          0.0054791225,
          0,
          0.004877789,
          0.4801358,
          -0.8771807,
          0,
          -0.002500033,
          0.8771942,
          0.48012918,
          0,
          0.034960475,
          0.73046756,
          0.17724739,
          1
        ]
      },
      {
        "date" : 785414127.935433,
        "title" : "Untitled",
        "transform" : [
          0.999985,
          -0.00014898997,
          0.0054791225,
          0,
          0.004877789,
          0.4801358,
          -0.8771807,
          0,
          -0.002500033,
          0.8771942,
          0.48012918,
          0,
          0.036474682,
          0.19917801,
          -0.113552034,
          1
        ]
      },
      {
        "date" : 785414085.393492,
        "title" : "Untitled",
        "transform" : [
          0.999985,
          -0.00014898997,
          0.0054791225,
          0,
          0.004877789,
          0.4801358,
          -0.8771807,
          0,
          -0.002500033,
          0.8771942,
          0.48012918,
          0,
          0.0350873,
          0.6859696,
          0.15289164,
          1
        ]
      },
      {
        "date" : 785414083.186897,
        "title" : "Untitled",
        "transform" : [
          0.999985,
          -0.00014898997,
          0.0054791225,
          0,
          0.004877789,
          0.4801358,
          -0.8771807,
          0,
          -0.002500033,
          0.8771942,
          0.48012918,
          0,
          0.05167584,
          1.0102342,
          0.22517559,
          1
        ]
      }
    ]
  },
  "sceneViewportBackgroundColors" : {

  }
}